[[  0.95934284   1.08258307   1.5906769  ...,   1.36887753   1.08536661
    1.21801019]
 [  1.11004496   1.3913393    1.71302497 ...,   1.41806114   1.11447418
    1.2398864 ]
 [  1.92387295   2.0275681    1.99391723 ...,   1.32731748   1.06022322
    1.15908897]
 ..., 
 [  4.89927816   5.37473297   4.57796144 ...,  14.13541508  11.72997475
   11.32448483]
 [  5.19682169   5.69739771   4.91922235 ...,  10.7560854    8.6855135
    8.30905914]
 [  5.31530476   5.87047005   5.13939571 ...,  10.66908932   9.27607441
    8.57645893]]